mean=152.720763
var=57675.204561